0.9153419126924047,0.8999256873916275,3
0.9210821593317542,0.9255545807745331,3
0.9174987518721918,0.9415373059589384,3
0.9165524971976585,0.9389035252791369,3
0.9238642036944583,0.9250125187781673,3
0.9138279081503912,0.8948476591528363,5
0.9145991771599551,0.9237999749342023,5
0.9148776834747878,0.9422884326489734,5
0.9105741686386848,0.9405344373353406,5
0.9199950074887668,0.9263895843765648,5
0.9121877365632097,0.8943522417636859,7
0.9123550679466401,0.9263065547061036,7
0.90963554667998,0.9442914371557336,7
0.9059658737078092,0.9415380755237737,7
0.9152521218172741,0.9235102653980971,7
0.909412061569518,0.8929898439435224,9
0.9087395586585214,0.9222960270710615,9
0.909136295556665,0.9419128693039559,9
0.8987420600323827,0.9410362564295571,9
0.9122566150773839,0.9226339509263896,9
0.9055381866904868,0.9053516143299425,3
0.9118171683389075,0.8934662236987818,3
0.9056436412019071,0.8982295958133838,3
0.8980226616307487,0.9128695265614581,3
0.8917388407728182,0.9340671558816989,3
0.9161669997779258,0.9066044029352902,3
0.9010573177518085,0.9161397670549085,3
0.8888766032728881,0.9320008932559178,3
0.9015353805073432,0.9152241455836663,3
0.9111258865248227,0.9086452762923352,3
0.8941491737382761,0.9091110128261831,5
0.9050167224080268,0.886157253599114,5
0.9009868056325535,0.8955572876071707,5
0.8942457231726283,0.9168704156479217,5
0.8854097268487675,0.933288859239493,5
0.9127248500999334,0.9052701801200801,5
0.8931552587646077,0.9148086522462563,5
0.8824635117204777,0.9303260384100045,5
0.8939697374276814,0.9132268086995118,5
0.9019281914893617,0.9095365418894831,5
0.8862215274676195,0.9115435647943387,7
0.9006688963210703,0.8778516057585825,7
0.8952211996895443,0.8917715176483688,7
0.8868029326816264,0.9165370082240498,7
0.8773040195425272,0.9341783411162997,7
0.9123917388407728,0.9020458083166556,7
0.8885920979410128,0.9141430948419301,7
0.875608137992039,0.9313309513175525,7
0.8898531375166889,0.9124500665778962,7
0.8938386524822695,0.9137700534759359,7
0.8841000446627959,0.9119858469703671,9
0.8974358974358975,0.8717607973421927,9
0.8924492737554053,0.8953345952566529,9
0.8801377471672962,0.9159813291842631,9
0.8710859427048634,0.9320658216588837,9
0.9078392182989118,0.8977095841672226,9
0.882804674457429,0.9124792013311148,9
0.8678681999115435,0.9343456900401965,9
0.8840676457498887,0.9120062139369729,9
0.886968085106383,0.9161096256684492,9
